logps0:  torch.Size([19])           =====  tensor([1.0154e-05, 9.9996e-01, 9.9989e-01, 9.9717e-01, 9.9505e-01, 9.9994e-01,
        9.3771e-01, 2.3598e-02, 1.8386e-05, 9.9988e-01, 5.4875e-04, 9.9994e-01,
        9.9999e-01, 9.9997e-01, 9.9999e-01, 9.9896e-01, 9.9999e-01, 8.9846e-07,
        5.9256e-05], device='cuda:0')
labels0:  torch.Size([19])           =====  tensor([0., 1., 1., 1., 1., 1., 0., 0., 0., 1., 0., 1., 1., 1., 1., 1., 1., 0.,
        0.], device='cuda:0')
logps0:  torch.Size([19])           =====  tensor([1.0154e-05, 9.9996e-01, 9.9989e-01, 9.9717e-01, 9.9505e-01, 9.9994e-01,
        9.3771e-01, 2.3598e-02, 1.8386e-05, 9.9988e-01, 5.4875e-04, 9.9994e-01,
        9.9999e-01, 9.9997e-01, 9.9999e-01, 9.9896e-01, 9.9999e-01, 8.9846e-07,
        5.9256e-05], device='cuda:0')
labels0:  torch.Size([19])           =====  tensor([0., 1., 1., 1., 1., 1., 0., 0., 0., 1., 0., 1., 1., 1., 1., 1., 1., 0.,
        0.], device='cuda:0')
